config-0
0
1
0
0,1562500,0,0
1562500,3125000,0,1
3125000,4687500,0,2
4687500,6250000,0,3
6250000,7812500,0,4
7812500,9375000,0,5
9375000,10937500,0,6
10937500,12500000,0,7
12500000,14062500,0,8
14062500,15625000,0,9
15625000,17187500,0,10
17187500,18750000,0,11
18750000,20312500,0,12
20312500,21875000,0,13
21875000,23437500,0,14
23437500,25000000,0,15
25000000,26562500,0,16
26562500,28125000,0,17
28125000,29687500,0,18
29687500,31250000,0,19
31250000,32812500,0,20
32812500,34375000,0,21
34375000,35937500,0,22
35937500,37500000,0,23
37500000,39062500,0,24
39062500,40625000,0,25
40625000,42187500,0,26
42187500,43750000,0,27
43750000,45312500,0,28
45312500,46875000,0,29
46875000,48437500,0,30
48437500,50000000,0,31
50000000,51562500,0,32
51562500,53125000,0,33
53125000,54687500,0,34
54687500,56250000,0,35
56250000,57812500,0,36
57812500,59375000,0,37
59375000,60937500,0,38
60937500,62500000,0,39
62500000,64062500,0,40
64062500,65625000,0,41
65625000,67187500,0,42
67187500,68750000,0,43
68750000,70312500,0,44
70312500,71875000,0,45
71875000,73437500,0,46
73437500,75000000,0,47
75000000,76562500,0,48
76562500,78125000,0,49
78125000,79687500,0,50
79687500,81250000,0,51
81250000,82812500,0,52
82812500,84375000,0,53
84375000,85937500,0,54
85937500,87500000,0,55
87500000,89062500,0,56
89062500,90625000,0,57
90625000,92187500,0,58
92187500,93750000,0,59
93750000,95312500,0,60
95312500,96875000,0,61
96875000,98437500,0,62
98437500,100000000,0,63
