config-0
0,1,2,3,4,5,6,7,8,9
0,1,2,3,4,5,6,7,8,9
0
0,156250,0,0
156250,312500,0,1
312500,468750,0,2
468750,625000,0,3
625000,781250,0,4
781250,937500,0,5
937500,1093750,0,6
1093750,1250000,0,7
1250000,1406250,0,8
1406250,1562500,0,9
1562500,1718750,0,10
1718750,1875000,0,11
1875000,2031250,0,12
2031250,2187500,0,13
2187500,2343750,0,14
2343750,2500000,0,15
2500000,2656250,0,16
2656250,2812500,0,17
2812500,2968750,0,18
2968750,3125000,0,19
3125000,3281250,0,20
3281250,3437500,0,21
3437500,3593750,0,22
3593750,3750000,0,23
3750000,3906250,0,24
3906250,4062500,0,25
4062500,4218750,0,26
4218750,4375000,0,27
4375000,4531250,0,28
4531250,4687500,0,29
4687500,4843750,0,30
4843750,5000000,0,31
5000000,5156250,0,32
5156250,5312500,0,33
5312500,5468750,0,34
5468750,5625000,0,35
5625000,5781250,0,36
5781250,5937500,0,37
5937500,6093750,0,38
6093750,6250000,0,39
6250000,6406250,0,40
6406250,6562500,0,41
6562500,6718750,0,42
6718750,6875000,0,43
6875000,7031250,0,44
7031250,7187500,0,45
7187500,7343750,0,46
7343750,7500000,0,47
7500000,7656250,0,48
7656250,7812500,0,49
7812500,7968750,0,50
7968750,8125000,0,51
8125000,8281250,0,52
8281250,8437500,0,53
8437500,8593750,0,54
8593750,8750000,0,55
8750000,8906250,0,56
8906250,9062500,0,57
9062500,9218750,0,58
9218750,9375000,0,59
9375000,9531250,0,60
9531250,9687500,0,61
9687500,9843750,0,62
9843750,10000000,0,63
10000000,10156250,1,64
10156250,10312500,1,65
10312500,10468750,1,66
10468750,10625000,1,67
10625000,10781250,1,68
10781250,10937500,1,69
10937500,11093750,1,70
11093750,11250000,1,71
11250000,11406250,1,72
11406250,11562500,1,73
11562500,11718750,1,74
11718750,11875000,1,75
11875000,12031250,1,76
12031250,12187500,1,77
12187500,12343750,1,78
12343750,12500000,1,79
12500000,12656250,1,80
12656250,12812500,1,81
12812500,12968750,1,82
12968750,13125000,1,83
13125000,13281250,1,84
13281250,13437500,1,85
13437500,13593750,1,86
13593750,13750000,1,87
13750000,13906250,1,88
13906250,14062500,1,89
14062500,14218750,1,90
14218750,14375000,1,91
14375000,14531250,1,92
14531250,14687500,1,93
14687500,14843750,1,94
14843750,15000000,1,95
15000000,15156250,1,96
15156250,15312500,1,97
15312500,15468750,1,98
15468750,15625000,1,99
15625000,15781250,1,100
15781250,15937500,1,101
15937500,16093750,1,102
16093750,16250000,1,103
16250000,16406250,1,104
16406250,16562500,1,105
16562500,16718750,1,106
16718750,16875000,1,107
16875000,17031250,1,108
17031250,17187500,1,109
17187500,17343750,1,110
17343750,17500000,1,111
17500000,17656250,1,112
17656250,17812500,1,113
17812500,17968750,1,114
17968750,18125000,1,115
18125000,18281250,1,116
18281250,18437500,1,117
18437500,18593750,1,118
18593750,18750000,1,119
18750000,18906250,1,120
18906250,19062500,1,121
19062500,19218750,1,122
19218750,19375000,1,123
19375000,19531250,1,124
19531250,19687500,1,125
19687500,19843750,1,126
19843750,20000000,1,127
20000000,20156250,2,128
20156250,20312500,2,129
20312500,20468750,2,130
20468750,20625000,2,131
20625000,20781250,2,132
20781250,20937500,2,133
20937500,21093750,2,134
21093750,21250000,2,135
21250000,21406250,2,136
21406250,21562500,2,137
21562500,21718750,2,138
21718750,21875000,2,139
21875000,22031250,2,140
22031250,22187500,2,141
22187500,22343750,2,142
22343750,22500000,2,143
22500000,22656250,2,144
22656250,22812500,2,145
22812500,22968750,2,146
22968750,23125000,2,147
23125000,23281250,2,148
23281250,23437500,2,149
23437500,23593750,2,150
23593750,23750000,2,151
23750000,23906250,2,152
23906250,24062500,2,153
24062500,24218750,2,154
24218750,24375000,2,155
24375000,24531250,2,156
24531250,24687500,2,157
24687500,24843750,2,158
24843750,25000000,2,159
25000000,25156250,2,160
25156250,25312500,2,161
25312500,25468750,2,162
25468750,25625000,2,163
25625000,25781250,2,164
25781250,25937500,2,165
25937500,26093750,2,166
26093750,26250000,2,167
26250000,26406250,2,168
26406250,26562500,2,169
26562500,26718750,2,170
26718750,26875000,2,171
26875000,27031250,2,172
27031250,27187500,2,173
27187500,27343750,2,174
27343750,27500000,2,175
27500000,27656250,2,176
27656250,27812500,2,177
27812500,27968750,2,178
27968750,28125000,2,179
28125000,28281250,2,180
28281250,28437500,2,181
28437500,28593750,2,182
28593750,28750000,2,183
28750000,28906250,2,184
28906250,29062500,2,185
29062500,29218750,2,186
29218750,29375000,2,187
29375000,29531250,2,188
29531250,29687500,2,189
29687500,29843750,2,190
29843750,30000000,2,191
30000000,30156250,3,192
30156250,30312500,3,193
30312500,30468750,3,194
30468750,30625000,3,195
30625000,30781250,3,196
30781250,30937500,3,197
30937500,31093750,3,198
31093750,31250000,3,199
31250000,31406250,3,200
31406250,31562500,3,201
31562500,31718750,3,202
31718750,31875000,3,203
31875000,32031250,3,204
32031250,32187500,3,205
32187500,32343750,3,206
32343750,32500000,3,207
32500000,32656250,3,208
32656250,32812500,3,209
32812500,32968750,3,210
32968750,33125000,3,211
33125000,33281250,3,212
33281250,33437500,3,213
33437500,33593750,3,214
33593750,33750000,3,215
33750000,33906250,3,216
33906250,34062500,3,217
34062500,34218750,3,218
34218750,34375000,3,219
34375000,34531250,3,220
34531250,34687500,3,221
34687500,34843750,3,222
34843750,35000000,3,223
35000000,35156250,3,224
35156250,35312500,3,225
35312500,35468750,3,226
35468750,35625000,3,227
35625000,35781250,3,228
35781250,35937500,3,229
35937500,36093750,3,230
36093750,36250000,3,231
36250000,36406250,3,232
36406250,36562500,3,233
36562500,36718750,3,234
36718750,36875000,3,235
36875000,37031250,3,236
37031250,37187500,3,237
37187500,37343750,3,238
37343750,37500000,3,239
37500000,37656250,3,240
37656250,37812500,3,241
37812500,37968750,3,242
37968750,38125000,3,243
38125000,38281250,3,244
38281250,38437500,3,245
38437500,38593750,3,246
38593750,38750000,3,247
38750000,38906250,3,248
38906250,39062500,3,249
39062500,39218750,3,250
39218750,39375000,3,251
39375000,39531250,3,252
39531250,39687500,3,253
39687500,39843750,3,254
39843750,40000000,3,255
40000000,40156250,4,256
40156250,40312500,4,257
40312500,40468750,4,258
40468750,40625000,4,259
40625000,40781250,4,260
40781250,40937500,4,261
40937500,41093750,4,262
41093750,41250000,4,263
41250000,41406250,4,264
41406250,41562500,4,265
41562500,41718750,4,266
41718750,41875000,4,267
41875000,42031250,4,268
42031250,42187500,4,269
42187500,42343750,4,270
42343750,42500000,4,271
42500000,42656250,4,272
42656250,42812500,4,273
42812500,42968750,4,274
42968750,43125000,4,275
43125000,43281250,4,276
43281250,43437500,4,277
43437500,43593750,4,278
43593750,43750000,4,279
43750000,43906250,4,280
43906250,44062500,4,281
44062500,44218750,4,282
44218750,44375000,4,283
44375000,44531250,4,284
44531250,44687500,4,285
44687500,44843750,4,286
44843750,45000000,4,287
45000000,45156250,4,288
45156250,45312500,4,289
45312500,45468750,4,290
45468750,45625000,4,291
45625000,45781250,4,292
45781250,45937500,4,293
45937500,46093750,4,294
46093750,46250000,4,295
46250000,46406250,4,296
46406250,46562500,4,297
46562500,46718750,4,298
46718750,46875000,4,299
46875000,47031250,4,300
47031250,47187500,4,301
47187500,47343750,4,302
47343750,47500000,4,303
47500000,47656250,4,304
47656250,47812500,4,305
47812500,47968750,4,306
47968750,48125000,4,307
48125000,48281250,4,308
48281250,48437500,4,309
48437500,48593750,4,310
48593750,48750000,4,311
48750000,48906250,4,312
48906250,49062500,4,313
49062500,49218750,4,314
49218750,49375000,4,315
49375000,49531250,4,316
49531250,49687500,4,317
49687500,49843750,4,318
49843750,50000000,4,319
50000000,50156250,5,320
50156250,50312500,5,321
50312500,50468750,5,322
50468750,50625000,5,323
50625000,50781250,5,324
50781250,50937500,5,325
50937500,51093750,5,326
51093750,51250000,5,327
51250000,51406250,5,328
51406250,51562500,5,329
51562500,51718750,5,330
51718750,51875000,5,331
51875000,52031250,5,332
52031250,52187500,5,333
52187500,52343750,5,334
52343750,52500000,5,335
52500000,52656250,5,336
52656250,52812500,5,337
52812500,52968750,5,338
52968750,53125000,5,339
53125000,53281250,5,340
53281250,53437500,5,341
53437500,53593750,5,342
53593750,53750000,5,343
53750000,53906250,5,344
53906250,54062500,5,345
54062500,54218750,5,346
54218750,54375000,5,347
54375000,54531250,5,348
54531250,54687500,5,349
54687500,54843750,5,350
54843750,55000000,5,351
55000000,55156250,5,352
55156250,55312500,5,353
55312500,55468750,5,354
55468750,55625000,5,355
55625000,55781250,5,356
55781250,55937500,5,357
55937500,56093750,5,358
56093750,56250000,5,359
56250000,56406250,5,360
56406250,56562500,5,361
56562500,56718750,5,362
56718750,56875000,5,363
56875000,57031250,5,364
57031250,57187500,5,365
57187500,57343750,5,366
57343750,57500000,5,367
57500000,57656250,5,368
57656250,57812500,5,369
57812500,57968750,5,370
57968750,58125000,5,371
58125000,58281250,5,372
58281250,58437500,5,373
58437500,58593750,5,374
58593750,58750000,5,375
58750000,58906250,5,376
58906250,59062500,5,377
59062500,59218750,5,378
59218750,59375000,5,379
59375000,59531250,5,380
59531250,59687500,5,381
59687500,59843750,5,382
59843750,60000000,5,383
60000000,60156250,6,384
60156250,60312500,6,385
60312500,60468750,6,386
60468750,60625000,6,387
60625000,60781250,6,388
60781250,60937500,6,389
60937500,61093750,6,390
61093750,61250000,6,391
61250000,61406250,6,392
61406250,61562500,6,393
61562500,61718750,6,394
61718750,61875000,6,395
61875000,62031250,6,396
62031250,62187500,6,397
62187500,62343750,6,398
62343750,62500000,6,399
62500000,62656250,6,400
62656250,62812500,6,401
62812500,62968750,6,402
62968750,63125000,6,403
63125000,63281250,6,404
63281250,63437500,6,405
63437500,63593750,6,406
63593750,63750000,6,407
63750000,63906250,6,408
63906250,64062500,6,409
64062500,64218750,6,410
64218750,64375000,6,411
64375000,64531250,6,412
64531250,64687500,6,413
64687500,64843750,6,414
64843750,65000000,6,415
65000000,65156250,6,416
65156250,65312500,6,417
65312500,65468750,6,418
65468750,65625000,6,419
65625000,65781250,6,420
65781250,65937500,6,421
65937500,66093750,6,422
66093750,66250000,6,423
66250000,66406250,6,424
66406250,66562500,6,425
66562500,66718750,6,426
66718750,66875000,6,427
66875000,67031250,6,428
67031250,67187500,6,429
67187500,67343750,6,430
67343750,67500000,6,431
67500000,67656250,6,432
67656250,67812500,6,433
67812500,67968750,6,434
67968750,68125000,6,435
68125000,68281250,6,436
68281250,68437500,6,437
68437500,68593750,6,438
68593750,68750000,6,439
68750000,68906250,6,440
68906250,69062500,6,441
69062500,69218750,6,442
69218750,69375000,6,443
69375000,69531250,6,444
69531250,69687500,6,445
69687500,69843750,6,446
69843750,70000000,6,447
70000000,70156250,7,448
70156250,70312500,7,449
70312500,70468750,7,450
70468750,70625000,7,451
70625000,70781250,7,452
70781250,70937500,7,453
70937500,71093750,7,454
71093750,71250000,7,455
71250000,71406250,7,456
71406250,71562500,7,457
71562500,71718750,7,458
71718750,71875000,7,459
71875000,72031250,7,460
72031250,72187500,7,461
72187500,72343750,7,462
72343750,72500000,7,463
72500000,72656250,7,464
72656250,72812500,7,465
72812500,72968750,7,466
72968750,73125000,7,467
73125000,73281250,7,468
73281250,73437500,7,469
73437500,73593750,7,470
73593750,73750000,7,471
73750000,73906250,7,472
73906250,74062500,7,473
74062500,74218750,7,474
74218750,74375000,7,475
74375000,74531250,7,476
74531250,74687500,7,477
74687500,74843750,7,478
74843750,75000000,7,479
75000000,75156250,7,480
75156250,75312500,7,481
75312500,75468750,7,482
75468750,75625000,7,483
75625000,75781250,7,484
75781250,75937500,7,485
75937500,76093750,7,486
76093750,76250000,7,487
76250000,76406250,7,488
76406250,76562500,7,489
76562500,76718750,7,490
76718750,76875000,7,491
76875000,77031250,7,492
77031250,77187500,7,493
77187500,77343750,7,494
77343750,77500000,7,495
77500000,77656250,7,496
77656250,77812500,7,497
77812500,77968750,7,498
77968750,78125000,7,499
78125000,78281250,7,500
78281250,78437500,7,501
78437500,78593750,7,502
78593750,78750000,7,503
78750000,78906250,7,504
78906250,79062500,7,505
79062500,79218750,7,506
79218750,79375000,7,507
79375000,79531250,7,508
79531250,79687500,7,509
79687500,79843750,7,510
79843750,80000000,7,511
80000000,80156250,8,512
80156250,80312500,8,513
80312500,80468750,8,514
80468750,80625000,8,515
80625000,80781250,8,516
80781250,80937500,8,517
80937500,81093750,8,518
81093750,81250000,8,519
81250000,81406250,8,520
81406250,81562500,8,521
81562500,81718750,8,522
81718750,81875000,8,523
81875000,82031250,8,524
82031250,82187500,8,525
82187500,82343750,8,526
82343750,82500000,8,527
82500000,82656250,8,528
82656250,82812500,8,529
82812500,82968750,8,530
82968750,83125000,8,531
83125000,83281250,8,532
83281250,83437500,8,533
83437500,83593750,8,534
83593750,83750000,8,535
83750000,83906250,8,536
83906250,84062500,8,537
84062500,84218750,8,538
84218750,84375000,8,539
84375000,84531250,8,540
84531250,84687500,8,541
84687500,84843750,8,542
84843750,85000000,8,543
85000000,85156250,8,544
85156250,85312500,8,545
85312500,85468750,8,546
85468750,85625000,8,547
85625000,85781250,8,548
85781250,85937500,8,549
85937500,86093750,8,550
86093750,86250000,8,551
86250000,86406250,8,552
86406250,86562500,8,553
86562500,86718750,8,554
86718750,86875000,8,555
86875000,87031250,8,556
87031250,87187500,8,557
87187500,87343750,8,558
87343750,87500000,8,559
87500000,87656250,8,560
87656250,87812500,8,561
87812500,87968750,8,562
87968750,88125000,8,563
88125000,88281250,8,564
88281250,88437500,8,565
88437500,88593750,8,566
88593750,88750000,8,567
88750000,88906250,8,568
88906250,89062500,8,569
89062500,89218750,8,570
89218750,89375000,8,571
89375000,89531250,8,572
89531250,89687500,8,573
89687500,89843750,8,574
89843750,90000000,8,575
90000000,90156250,9,576
90156250,90312500,9,577
90312500,90468750,9,578
90468750,90625000,9,579
90625000,90781250,9,580
90781250,90937500,9,581
90937500,91093750,9,582
91093750,91250000,9,583
91250000,91406250,9,584
91406250,91562500,9,585
91562500,91718750,9,586
91718750,91875000,9,587
91875000,92031250,9,588
92031250,92187500,9,589
92187500,92343750,9,590
92343750,92500000,9,591
92500000,92656250,9,592
92656250,92812500,9,593
92812500,92968750,9,594
92968750,93125000,9,595
93125000,93281250,9,596
93281250,93437500,9,597
93437500,93593750,9,598
93593750,93750000,9,599
93750000,93906250,9,600
93906250,94062500,9,601
94062500,94218750,9,602
94218750,94375000,9,603
94375000,94531250,9,604
94531250,94687500,9,605
94687500,94843750,9,606
94843750,95000000,9,607
95000000,95156250,9,608
95156250,95312500,9,609
95312500,95468750,9,610
95468750,95625000,9,611
95625000,95781250,9,612
95781250,95937500,9,613
95937500,96093750,9,614
96093750,96250000,9,615
96250000,96406250,9,616
96406250,96562500,9,617
96562500,96718750,9,618
96718750,96875000,9,619
96875000,97031250,9,620
97031250,97187500,9,621
97187500,97343750,9,622
97343750,97500000,9,623
97500000,97656250,9,624
97656250,97812500,9,625
97812500,97968750,9,626
97968750,98125000,9,627
98125000,98281250,9,628
98281250,98437500,9,629
98437500,98593750,9,630
98593750,98750000,9,631
98750000,98906250,9,632
98906250,99062500,9,633
99062500,99218750,9,634
99218750,99375000,9,635
99375000,99531250,9,636
99531250,99687500,9,637
99687500,99843750,9,638
99843750,100000000,9,639
